50
2 8 2 5
-5 10 55 -46 -39 -71 -33 68
65 52 -51 31 -78 97 -97 -47
-11 6 48 -18 -51
49 -43 13 21 47
3 4 1 5
-96 84 67 -20
-31 96 42 -1
95 69 36 80
6 24 -68 -42 -98
6 5 5 1
94 52 32 44 30
-4 -56 -82 -88 -99
58 -84 97 -37 -96
-57 -80 -59 -11 72
40 62 90 71 32
20 -21 46 -48 38
98
-76
-70
-69
55
7 4 7 7
-83 -27 39 95
-62 -64 -27 -14
-33 -58 59 39
2 -77 -9 98
-22 7 5 -4
-14 -64 24 53
9 -65 48 -68
-47 80 -16 -11 73 -6 26
97 -94 87 34 -92 58 14
-52 87 48 68 -38 69 94
41 70 11 12 -10 -23 -79
-90 -92 37 -27 -28 71 -43
86 90 2 7 62 35 68
35 41 -1 -55 -29 -54 -82
1 5 5 8
-52 15 90 68 88
-71 23 69 60 20 17 24 14
30 90 47 3 -6 -12 -28 -51
30 -48 -38 -10 -50 71 6 58
30 99 92 98 84 -23 -90 90
-20 -90 -32 -96 -83 -93 -26 -17
6 7 7 2
38 66 -28 23 99 -42 57
5 63 -39 -90 -93 45 -98
-20 86 21 9 -69 -76 88
-49 78 68 -82 78 -92 41
10 35 -44 8 -81 99 36
31 58 -23 -18 21 27 86
-64 -95
-71 -9
-98 34
48 32
-42 -99
-6 -58
-64 37
3 5 7 7
26 9 -15 27 58
40 19 10 -57 2
-15 30 27 59 -61
-62 4 92 -62 -47 80 -24
20 -2 -85 -77 4 34 1
88 -9 74 -1 -83 -71 -76
35 77 -90 15 -44 -6 4
93 -5 20 93 62 -39 -45
27 -71 35 -19 -36 -39 97
-12 45 -62 -52 -41 3 -2
4 1 4 6
-10
-20
85
-5
-55 36 -69 19 -49 77
-1 -22 -35 66 6 15
64 98 15 27 -98 -91
83 97 -38 22 -6 -47
4 4 2 7
3 -40 73 -70
-28 -100 78 95
-44 58 42 0
-15 75 -49 -50
-46 -61 14 -99 30 -47 66
-59 -36 98 -89 -2 -4 -96
2 1 1 1
-77
72
-75
7 2 2 6
47 21
-75 64
3 -9
-69 -26
-59 -11
-15 -58
92 -56
-63 10 43 -95 12 -43
-1 -2 -12 49 0 -85
4 7 7 8
-30 46 -29 7 -28 50 14
2 14 66 -50 -57 -98 -62
46 -83 72 41 -56 -62 70
35 43 -34 -60 83 27 -59
25 3 95 31 -6 74 -19 70
65 0 66 -21 -21 -7 -50 -2
24 -61 99 -32 83 70 31 -34
40 -80 63 92 13 -38 83 -76
-55 50 -79 26 26 93 25 77
35 9 -1 76 66 60 -97 98
39 85 27 -33 -96 93 -72 5
5 6 6 6
95 -1 -6 80 -77 -33
-37 -83 21 65 24 68
-56 -46 15 -12 -7 39
-25 -1 66 49 -81 -86
90 49 -38 -20 51 86
-96 20 -24 27 -12 99
-95 6 13 -72 -20 -13
12 34 58 47 89 -40
35 80 -38 -83 15 -22
26 -73 -86 76 -31 -26
2 -23 53 -14 0 51
5 2 5 6
-17 -56
-71 60
88 -6
17 55
-63 -10
39 -41 -29 -97 1 -43
-87 95 15 39 -86 9
-12 96 -98 -77 -5 10
90 -49 54 -40 62 4
41 -83 51 14 53 59
6 2 2 7
-57 11
-4 -67
7 44
48 92
-99 26
-61 -59
-2 63 -50 46 14 -50 57
-72 21 -82 74 -11 95 -10
6 6 8 7
13 35 19 66 63 -43
65 -82 88 18 71 98
-29 27 -93 -83 37 -13
-97 19 98 -19 75 23
-68 68 25 -40 47 -10
42 -75 40 38 -66 13
-85 84 97 79 3 -84 65
91 -4 8 -85 -44 76 50
77 -13 96 49 -34 -31 -68
-49 82 -8 -30 -90 90 95
60 77 -8 -40 -28 19 -97
-41 40 14 -79 97 27 95
83 -50 14 30 -21 21 -58
-2 50 -77 -97 -11 -12 -72
6 6 6 6
84 75 38 55 -5 49
-79 43 -36 21 -32 85
46 15 -64 40 -92 14
-35 -8 23 -14 -78 -77
98 -21 67 96 -15 -45
-25 -73 -2 94 77 16
65 2 81 24 28 -71
51 -10 -16 -13 -11 -4
-88 97 -1 -63 96 -28
57 59 89 -4 -28 -46
36 21 -35 -1 -72 67
-17 43 10 86 4 -84
3 1 4 7
-45
-70
32
-43 -15 -81 -66 53 99 93
-12 15 42 -31 96 0 60
-35 -80 69 46 -39 -92 33
25 -51 66 20 7 73 -11
8 7 7 2
81 -63 75 -54 51 0 -96
47 -78 92 56 18 -90 -38
55 19 -60 32 -66 25 78
41 -25 -26 49 -5 -14 2
16 1 -42 -75 -18 -56 36
68 -16 -39 -59 22 72 -38
-92 -28 14 -79 14 -92 57
-2 -74 -55 43 -29 5 -72
-5 -22
-82 32
-76 92
32 87
43 -86
84 62
94 -7
7 4 7 7
36 24 -44 -21
-76 80 96 -8
-22 67 -97 42
62 -72 -45 85
38 44 70 -55
3 85 -71 89
-37 -55 62 -56
-47 -76 79 3 -51 -25 -54
9 9 86 10 -8 57 42
-54 41 29 -99 -16 -53 -1
-3 -61 93 92 23 -85 -35
-63 77 -52 -10 -84 42 -74
-50 67 81 4 -43 44 54
-49 33 -29 -36 -81 -9 65
6 5 1 3
-32 33 7 -26 58
-43 -77 -66 -50 -52
-3 -83 0 -43 58
73 57 74 -44 76
-83 32 -30 61 51
-66 -34 86 -64 3
99 -2 48
1 7 8 5
-50 -16 48 46 10 -69 -31
-91 -73 -77 -78 -76
59 -58 71 -79 68
-47 17 84 -33 9
-68 61 5 94 -64
38 11 90 58 40
-4 -17 7 65 -67
-91 84 98 -4 -29
-3 -73 -18 -59 -80
5 5 6 1
-63 -84 -75 -42 -29
-81 -45 72 -77 22
-29 -37 -77 -57 38
-32 -29 -70 23 -88
63 29 45 -40 17
80
-58
57
86
75
-4
5 6 6 3
-24 -85 -90 96 -83 -57
26 -54 93 -36 -15 -1
-49 91 84 99 -93 69
39 -94 -97 -79 67 -97
-18 72 1 68 -17 33
5 84 -72
-40 -76 -28
-84 49 3
-95 88 -70
-59 -21 -18
63 -39 -98
4 7 7 4
-76 -76 95 65 96 97 -13
-69 50 52 -23 71 -56 -7
88 30 -25 -39 -21 -65 -3
-66 38 60 -72 -96 94 86
95 -73 -23 6
38 69 77 34
-9 55 61 -33
83 -32 13 49
-39 -46 -98 -52
-19 82 45 86
50 30 6 20
4 3 3 6
-51 79 -17
66 -22 -59
44 73 -1
-20 -79 80
45 52 -6 -11 -86 -100
-99 89 9 83 26 -29
20 -89 -13 26 -73 -3
2 7 7 1
-11 55 -38 -11 -69 -66 22
34 52 95 25 79 90 62
-43
75
-92
-55
-79
5
5
4 5 5 5
-77 92 52 -55 82
-95 -77 16 -79 56
95 -33 -97 -47 -12
98 98 11 -69 81
46 67 -36 -33 11
29 -11 83 -48 -91
-86 10 -2 27 -92
-33 -64 25 71 41
-2 -86 -38 -89 9
6 4 3 6
99 79 42 -16
-35 -65 60 -3
93 93 73 88
51 60 -46 23
30 -69 27 -24
-27 -2 85 -35
17 -79 -78 20 -34 -85
-69 32 24 5 -67 31
-61 62 34 65 10 -20
2 3 3 6
12 54 -96
71 -68 90
74 -6 70 94 17 -51
-72 -24 89 -37 -63 93
46 3 60 -80 -98 7
7 7 7 2
-7 93 20 70 65 -62 24
7 82 51 -96 -54 -9 52
-98 50 22 47 -97 -15 30
-65 8 -77 -61 -28 -9 -91
20 63 -1 -95 54 83 51
97 -63 94 11 30 80 -29
-28 76 -82 -50 -54 -69 28
11 81
45 -41
83 -71
71 22
-37 64
70 97
-77 -79
8 3 3 3
59 79 -69
-68 -96 -49
98 56 9
81 -84 -54
68 55 -18
-72 -4 -90
17 -4 -19
-71 76 66
2 -5 44
11 -39 -15
-10 -20 60
6 7 7 3
-82 98 58 91 -64 57 21
32 98 69 56 69 13 -88
93 -55 0 39 13 68 -38
-70 -58 16 91 -37 46 74
19 -56 -71 -84 -84 -81 71
-8 -5 -3 9 -77 -72 -14
-95 11 -32
-27 81 -74
8 -56 -28
-87 50 7
1 42 -36
-37 -25 -53
11 -51 -22
4 8 2 5
-40 97 28 2 54 74 -78 85
-82 8 -90 -98 -40 -31 85 71
85 88 -74 19 -34 -32 65 -22
-8 34 -76 -96 84 30 49 56
-85 42 -93 -94 -50
-94 95 38 -53 20
1 3 2 4
57 41 39
-79 -33 -91 -98
-14 -70 -34 -61
5 5 4 7
44 -64 84 -22 -17
-35 84 44 10 -37
94 82 -22 -97 75
89 -13 9 56 -44
-30 69 34 -36 -64
34 19 42 83 51 29 23
-38 84 -94 -84 76 55 -98
70 -2 -69 50 41 -56 -18
-51 -11 -78 -39 96 -50 0
4 8 8 5
79 76 -69 70 -47 -81 71 25
65 -18 23 23 -45 79 -3 -74
83 88 23 36 -33 -78 -95 6
-13 57 37 -89 32 47 -77 1
43 -55 14 -70 62
-14 45 94 37 -5
-13 -78 -9 -60 -4
-71 -2 -29 -12 -73
-83 11 -51 -14 -99
17 -68 -39 75 -72
41 5 50 44 -78
-76 25 -21 27 68
3 2 2 1
57 46
-2 79
32 11
25
-5
4 3 3 1
99 -28 -84
-37 85 -10
81 82 -55
-96 31 -64
51
33
-38
1 7 7 7
47 43 -23 16 79 -8 37
38 -94 -59 52 -78 4 84
53 3 -79 24 -84 -89 96
-55 51 -68 -71 72 44 -16
-85 -59 5 -77 -4 60 -87
18 38 -43 7 -89 -14 -5
49 -45 -68 52 75 -34 -5
55 -74 46 51 -51 40 19
6 2 8 4
59 -90
-87 -95
11 -14
-89 11
87 85
61 -40
25 -19 -14 56
-6 43 23 -41
-72 -60 -13 -1
-42 52 -23 -24
37 57 70 -73
88 2 -26 80
-42 -70 30 65
73 -68 -36 -59
2 4 4 7
64 -22 -72 62
2 -29 22 65
19 -54 -78 91 5 28 36
80 -20 -73 -65 88 51 -23
94 -74 87 -48 71 61 82
88 87 -21 22 -69 -78 -83
2 2 2 6
66 1
99 -39
-78 70 31 10 65 42
-35 65 -84 -60 3 -94
3 4 3 7
11 -42 73 85
-70 -31 -60 -93
71 68 86 -99
92 -15 -38 35 9 -55 -96
70 76 98 33 -28 -48 -84
-23 -25 -95 99 -63 84 -54
3 3 5 4
32 43 -14
-28 -6 15
-12 -54 12
52 -48 17 48
-85 9 34 -17
52 -34 -68 -24
18 -40 -81 26
-70 -33 -72 -25
6 6 6 1
-55 54 49 92 -65 -15
-94 -63 89 -36 -1 21
38 57 23 97 83 17
44 -62 92 -22 66 37
8 -50 -23 -54 -7 -33
-100 30 23 38 86 -40
65
82
57
-11
-25
78
1 5 4 5
-41 1 5 -89 11
40 82 85 3 0
36 -15 -59 87 40
-76 73 -31 63 -51
-65 -60 82 92 -20
7 3 2 6
-99 -45 -79
20 69 55
25 56 -86
86 -98 -14
96 -70 -42
53 -77 -73
75 4 -73
58 45 -17 -84 41 99
-55 -2 -71 33 -7 -62
2 8 8 7
64 41 -65 -6 -6 -60 -44 -72
57 -46 67 82 7 -86 16 82
22 75 -92 -39 -18 -51 -60
13 11 -53 -81 -66 -77 30
-24 27 -76 -81 36 -19 -28
96 -43 -49 -46 -57 29 40
2 8 -1 -48 7 -50 -50
59 64 -42 -39 20 -44 -55
86 -7 -78 -85 -61 15 -30
20 -35 2 -33 51 95 19
3 4 4 3
-70 -97 71 34
28 -97 25 54
24 -55 83 90
62 -83 -25
-18 39 -45
-65 -100 95
-2 86 96
